M7_50_10_2-3-4_16_50_100_300_0.001_2_0.8,119.74463836350233,111.76912337379419,105.82010458764319
M7_50_10_2-3-4_16_50_100_300_0.001_2_0.5,119.74229127218517,113.0556759852617,108.94513030989759
M7_50_10_2-3-4_16_50_100_300_0.001_5_0.8,119.7305091917133,112.52453535084125,107.898887915442
M7_50_10_2-3-4_16_50_100_300_0.001_5_0.5,119.7278134332137,114.35127337302877,111.2617512432055
M7_50_10_2-3-4_64_50_100_300_0.001_2_0.8,119.76546680261559,109.65287968549815,102.77143237851148
M7_50_10_2-3-4_64_50_100_300_0.001_2_0.5,119.76411235480725,111.20835721565538,104.98115353602617
M7_50_10_2-3-4_64_50_100_300_0.001_5_0.8,119.75884083819665,110.49395891328001,103.48157557971116
M7_50_10_2-3-4_64_50_100_300_0.001_5_0.5,119.75718265435414,112.32494633285289,106.59347533489714
M7_50_20_2-3-4_16_50_100_300_0.001_2_0.8,119.76559121884185,110.78922592279231,104.60699236118961
M7_50_20_2-3-4_16_50_100_300_0.001_2_0.5,119.76255050982317,112.65242110075646,107.59901949268502
M7_50_20_2-3-4_16_50_100_300_0.001_5_0.8,119.74867421833785,111.67240674045237,105.99247184314709
M7_50_20_2-3-4_16_50_100_300_0.001_5_0.5,119.7452669579942,113.6899858222172,110.00206094503636
M7_50_20_2-3-4_64_50_100_300_0.001_2_0.8,119.77629498855414,117.57850152375839,117.57683708414585
M7_50_20_2-3-4_64_50_100_300_0.001_2_0.5,119.77492239901274,117.57895797417854,117.57860180007206
M7_50_20_2-3-4_64_50_100_300_0.001_5_0.8,119.77458193792863,110.57881427546113,103.13707886156172
M7_50_20_2-3-4_64_50_100_300_0.001_5_0.5,119.77273854649465,112.16941508403045,105.66098425636116
M7_15_10_2-3-4_16_50_100_300_0.001_2_0.8,119.7402290759948,111.63089606325128,105.63604765307059
M7_15_10_2-3-4_16_50_100_300_0.001_2_0.5,119.73833909747343,113.4801070192978,109.33921747382291
M7_15_10_2-3-4_16_50_100_300_0.001_5_0.8,119.72501128982496,112.32906660378514,107.6075471007965
M7_15_10_2-3-4_16_50_100_300_0.001_5_0.5,119.72213393000132,114.43524185101317,111.02834294366804
M7_15_10_2-3-4_64_50_100_300_0.001_2_0.8,119.76453134420454,109.41562773045962,102.58760628185291
M7_15_10_2-3-4_64_50_100_300_0.001_2_0.5,119.76349354875556,111.79268164695436,105.43344221317074
