M7_50_10_2-3-4_16_50_100_300_0.001_2_0.8,119.74366209539151,98.77681664617718,93.48970561523805
M7_50_10_2-3-4_16_50_100_300_0.001_2_0.5,119.74181208020103,101.16643233288116,95.73215070576862
M7_50_10_2-3-4_16_50_100_300_0.001_5_0.8,119.73028299042882,100.15840297845307,93.8412563028723
M7_50_10_2-3-4_16_50_100_300_0.001_5_0.5,119.72690369705705,106.79862705719158,103.85309792355537
M7_50_10_2-3-4_64_50_100_300_0.001_2_0.8,119.76474941298798,96.91926071370534,90.35613370155532
M7_50_10_2-3-4_64_50_100_300_0.001_2_0.5,119.76309196511842,96.731537419514,91.48249893136729
M7_50_10_2-3-4_64_50_100_300_0.001_5_0.8,119.75843211562194,96.18248555873889,91.61273916912776
M7_50_10_2-3-4_64_50_100_300_0.001_5_0.5,119.75636094056165,99.87028782282717,93.47641019039915
M7_50_20_2-3-4_16_50_100_300_0.001_2_0.8,119.76521598303611,96.24141009177877,91.12867360895225
M7_50_20_2-3-4_16_50_100_300_0.001_2_0.5,119.7619772236981,98.76577646323197,94.90509021703548
M7_50_20_2-3-4_16_50_100_300_0.001_5_0.8,119.74806019611029,96.97346869053338,92.98057826277413
M7_50_20_2-3-4_16_50_100_300_0.001_5_0.5,119.74499052655626,104.89947963768935,101.8910688652828
M7_50_20_2-3-4_64_50_100_300_0.001_2_0.8,119.7753998982591,92.70031730001554,89.011324452495
M7_50_20_2-3-4_64_50_100_300_0.001_2_0.5,119.77417987590907,94.46776570978409,90.29024535571634
M7_50_20_2-3-4_64_50_100_300_0.001_5_0.8,119.77465608720279,94.77766268387548,89.57600517712808
M7_50_20_2-3-4_64_50_100_300_0.001_5_0.5,119.77246741406191,96.71788328146197,91.2633433366776
M7_15_10_2-3-4_16_50_100_300_0.001_2_0.8,119.74008335335179,101.54144558039415,93.5829078305755
